width = 640
height = 480
fx = 570.3
fy = 570.3
cx = 320
cy = 240
depthMeterScale = 1000

