width = 640
height = 480	
fx = 535.4
fy = 539.2
cx = 320.1
cy = 247.6
depthMeterScale = 5000

