width = 640
height = 480
fx = 517.3
fy = 516.5
cx = 318.6
cy = 255.3
depthMeterScale = 5000

