width = 640
height = 480
fx = 520.9
fy = 521.0
cx = 325.1
cy = 249.7
depthMeterScale = 5000

